Script started on Wed 01 Feb 2017 03:09:31 PM EST
]0;oneal_wc@intruder:~/csc460/grading/fork1Intruder> ./a.out 4
Gen	PID	PPID

4	29867	29866
3	29866	29865
4	29870	29869
3	29869	29865
2	29865	29860
4	29876	29875
3	29875	29874
4	29883	29882
3	29882	29874
2	29874	29860
1	29860	29806
4	29890	29889
3	29889	29888
4	29892	29891
3	29891	29888
2	29888	29863
4	29900	29898
3	29898	29896
4	29906	29904
3	29904	29896
2	29896	29863
4	29910	29909
3	29909	29908
2	29908	29863
1	29863	29806
4	29918	29917
3	29917	29916
4	29921	29920
3	29920	29916
2	29916	29914
4	29930	29928
3	29928	29926
3	29931	29926
2	29926	29914
3	29934	29933
1	29914	29806
4	29940	29939
3	29939	29938
3	29941	29938
2	29938	29937
1	29937	29806
0	29806	23750
4	29954	29953
3	29953	29861
2	29861	29860
3	29911	29908
4	29913	29911
4	29955	29864
3	29864	29861
2	29945	29937
2	29933	29914
2	29949	29937
3	29946	29945
3	29950	29949
4	29947	29946
4	29966	29936
4	29951	29950
4	29942	29941
4	29935	29934
4	29932	29931
3	29936	29933
4	29967	29948
3	29948	29945
3	29952	29949
4	29968	29952
]0;oneal_wc@intruder:~/csc460/grading/fork1Intruder> exit

Script done on Wed 01 Feb 2017 03:09:51 PM EST
